angle	distance(cm)	target1	interf1	target2	inter2	Tarsup	Intsup
0	10	-45.537	-62.974	-46.484	-61.713	7.715	8.837
0	20	-42.955	-62.207	-49.837	-61.452	5.133	8.07
0	30	-42.608	-61.1	-49.995	-61.566	4.786	6.963
0	40	-42.314	-61.269	-50.206	-61.442	4.492	7.132
0	50	-42.988	-61.808	-49.661	-61.66	5.166	7.671
0	60	-42.903	-62.124	-49.496	-61.992	5.081	7.987
0	70	-42.967	-61.949	-49.46	-61.618	5.145	7.812
15	10	-48.633	-61.514	-42.577	-59.905	10.811	7.377
15	20	-43.434	-61.597	-43.904	-61.524	5.612	7.46
15	30	-47.107	-62.158	-45.47	-61.734	9.285	8.021
15	40	-47.073	-62.429	-44.682	-61.279	9.251	8.292
15	50	-47.29	-62.124	-44.722	-61.411	9.468	7.987
15	60	-46.499	-62.102	-45.55	-61.608	8.677	7.965
15	70	-46.324	-62.047	-45.715	-61.841	8.502	7.91
-15	10	-46.402	-61.504	-45.572	-61.681	8.58	7.367
-15	20	-46.371	-61.618	-45.69	-61.391	8.549	7.481
-15	30	-45.61	-60.819	-46.206	-60.905	7.788	6.682
-15	40	-45.509	-60.546	-46.185	-60.743	7.687	6.409
-15	50	-45.581	-60.574	-46.071	-60.733	7.759	6.437
-15	60	-47.036	-61.35	-44.796	-61.002	9.214	7.213
-15	70	-46.387	-61.249	-45.436	-60.724	8.565	7.112
30	10	-57.164	-60.944	-38.675	-59.109	19.342	6.807
30	20	-53.512	-61.279	-40.774	-60.399	15.69	7.142
30	30	-49.951	-61.411	-42.75	-61.022	12.129	7.274
30	40	-49.448	-61.744	-43.091	-60.983	11.626	7.607
30	50	-50.167	-61.959	-42.595	-60.574	12.345	7.822
30	60	-51.447	-61.681	-41.771	-60.354	13.625	7.544
30	70	-50.851	-61.776	-42.149	-60.445	13.029	7.639
-30	10	-49.123	-61.628	-43.379	-62.147	11.301	7.491
-30	20	-50.571	-61.628	-42.547	-61.08	12.749	7.491
-30	30	-47.865	-61.949	-44.204	-61.493	10.043	7.812
-30	40	-49.306	-61.916	-43.192	-61.37	11.484	7.779
-30	50	-48.907	-61.905	-43.555	-61.381	11.085	7.768
-30	60	-48.418	-61.841	-43.948	-61.483	10.596	7.704
-30	70	-48.685	-61.723	-43.646	-61.14	10.863	7.586
